Walk 

0,0,1,1,2,2,3,3

Idle (Hold)

4

Idle (Scratch Head)

5,5,5,5,5,6,7,8,8,9,9,8,8,9,9,8,8,9,9,8,8,10,10,11,11,12,12

Idle (Smoking)

13,13,14,14,15,15,16,16,17,17,18,18,17,17,18,18,19,19,20,20,21,21,21,21,22,22,23,23,24,24,25,25,26,26,21,21,21,21,22,22,23,23,24,24,25,25,26,2621,21,21,21,22,22,23,23,24,24,25,25,26,26 

Idle (Yawn)

27,28,29,29,30,30,31,31,32,32,33,33,33,33,33,33,33,33,33,33,28,28

Idle (Pick Nose)

34,35,35,36,36,35,35,36,36,37,38,39,40,41,41,41,41,41,41,41,41,41,41,42,43,44,45,46 

Couch (Sit)

47,47,48 (hold while just sitting on couch)

Couch (Watch TV) **cycle**

49,49,50,50,49,49,50,50,50,50,50,50,50,50,50,50,49,50,49,,49,50,49,48,48,48,48,48,48,48,48,48,48,48,48,48,48,48,48,48,48,48,48

Couch (stand up)

47,47

Upper Cupboard (open)

51,51,51,51,51,51,51,51,51,51,52,53,53,53,53,53,54,54,54,54,54,54,54,54,54,54,52,51,51,51,51

Upper Cupboard (close)

51,51,51,51,51,51,51,51,51,51,52,53,53,53,53,53,52,52,52,52,52,51,51,51,51

Lower Cupboard (open)

51,51,51,51,51,51,51,51,51,51,55,56,56,56,56,56,57,57,57,57,57,57,57,57,57,57,55,55,51,51,51,51   

Lower Cupboard (close)

51,51,51,51,51,51,51,51,51,51,55,57,57,57,57,57,52,52,52,52,52,55,51,51,51,51  

PC (Sit)

51,51,51,51,51,55,55,59 (hold)

PC (work) **cycle**

59,59,59,59,58,59,58,59,58,59,58,59,58,59,58,59,58,59,58,59,9,59,59,59,9,59,59

PC (Drink Coffee)

60,60,61,61,62,62,63,63,63,63,63,63,63,63,63,63,62,62,61,61

Table (Eat Food) 

59,59,59,59,59,59,59,59,59,59,64,65,65,66,66,67,67,68,67,67,69,69,70

Table (Drink Soda)

59,59,59,59,59,59,59,59,59,59,71,71,72,72,72,72,72,71,71,,71,73,73,73,73,73,73,73,73,73,73,71,71,72,72,72,72,72

PC Desk (Open) *Close this right after since you can't see inside
51,51,51,51,51,51,74,74,74,74,74,74    

Throw

4,4,4,4,4,4,4,4,4,4,4,75,76,77,78,79,80,4,4,4,4,4,4,4,4,4,4,4  
******************************NOTE PLAY HEAD TOSS ANIMATION @ FRAME #79**************************

Drink Soda NEW

59,59,59,59,59,81,81,82,82,83,83,83,83,83,83,83,83,83,83,82,82,81,81,59,59,59,59
               

 
                                             